1,2,3,4,5,6,7,8,2,8,1,6,3,4,5,7,6,1,2,5,7,3,8,4,4,5,8,1,2,7,6,3,8,6,4,7,1,2,3,5,3,7,4,6,8,5,1,2,5,3,7,2,6,8,4,1,5,7,4,3,8,1,2,6,1,2,3,5,4,6,7,8,2,6,3,8,1,4,5,7,6,7,2,1,5,3,8,4,7,1,2,8,5,4,6,3,4,6,8,7,1,2,3,5,5,8,6,3,4,7,1,2,7,8,5,4,6,3,2,1,4,3,2,5,1,6,7,8,5,6,4,1,2,3,7,8,7,8,1,3,6,4,5,2,2,4,6,3,7,1,8,5,6,5,8,4,2,7,1,3,8,1,2,3,4,5,7,6,3,2,4,7,6,8,1,5,1,3,2,8,5,6,7,4,4,7,5,1,6,8,2,3,5,6,7,4,8,1,3,2,7,8,1,5,2,3,4,6,2,4,3,1,7,8,5,6,6,5,8,3,4,7,2,1,8,1,6,2,3,7,4,5,3,2,4,7,6,5,1,8,
---
Total distance: 178929
Assignment: rows are rounds; columns are umpires; teams are numbered from 1.
Round  1: (9,8) (10,7) (11,6) (12,5) (13,4) (14,3) (15,2) (16,1)
Round  2: (11,7) (9,2) (13,5) (14,4) (15,1) (12,6) (16,3) (10,8)
Round  3: (10,3) (11,8) (14,1) (16,2) (12,7) (9,4) (13,6) (15,5)
Round  4: (12,4) (13,1) (16,7) (9,5) (10,6) (15,8) (14,2) (11,3)
Round  5: (13,2) (14,7) (15,3) (11,4) (16,8) (10,5) (12,1) (9,6)
Round  6: (15,9) (16,10) (6,5) (8,3) (14,13) (11,1) (7,4) (12,2)
Round  7: (16,4) (12,3) (10,1) (15,6) (9,7) (13,8) (11,2) (14,5)
Round  8: (14,6) (15,7) (12,11) (10,2) (8,4) (16,5) (9,1) (13,3)
Round  9: (7,2) (8,1) (9,3) (12,13) (11,5) (14,10) (15,4) (16,6)
Round 10: (11,13) (4,5) (7,1) (14,9) (15,10) (6,3) (16,12) (8,2)
Round 11: (10,4) (7,3) (14,8) (16,11) (13,9) (5,2) (6,1) (15,12)
Round 12: (5,1) (6,2) (16,9) (13,7) (12,8) (15,14) (4,3) (11,10)
Round 13: (12,9) (13,10) (15,11) (3,2) (16,14) (4,1) (8,5) (7,6)
Round 14: (13,14) (16,15) (8,6) (11,9) (3,1) (7,5) (12,10) (4,2)
Round 15: (15,16) (14,11) (13,12) (8,7) (6,4) (10,9) (2,1) (5,3)
Round 16: (9,10) (5,6) (3,4) (1,2) (7,8) (12,16) (13,11) (14,15)
Round 17: (6,7) (8,9) (10,11) (4,15) (1,3) (2,5) (14,12) (16,13)
Round 18: (3,5) (15,13) (6,9) (10,12) (14,16) (8,11) (1,4) (2,7)
Round 19: (8,12) (1,5) (4,7) (2,16) (13,15) (3,9) (6,11) (10,14)
Round 20: (11,16) (7,10) (12,14) (5,8) (2,4) (1,6) (9,13) (3,15)
Round 21: (2,3) (4,11) (5,9) (6,12) (8,14) (13,16) (10,15) (1,7)
Round 22: (7,13) (2,12) (1,8) (3,11) (9,16) (5,15) (4,14) (6,10)
Round 23: (1,9) (3,13) (2,10) (8,15) (5,12) (6,14) (7,11) (4,16)
Round 24: (5,4) (9,14) (11,12) (1,10) (3,6) (7,16) (2,15) (8,13)
Round 25: (6,16) (12,15) (7,14) (4,13) (1,11) (2,9) (3,8) (5,10)
Round 26: (3,14) (5,16) (6,8) (7,15) (4,9) (10,13) (1,12) (2,11)
Round 27: (4,8) (1,13) (3,12) (2,6) (10,16) (11,15) (5,14) (7,9)
Round 28: (9,15) (7,12) (4,10) (5,11) (2,8) (1,14) (6,13) (3,16)
Round 29: (2,13) (4,6) (5,7) (9,12) (11,14) (3,10) (8,16) (1,15)
Round 30: (8,10) (2,14) (1,16) (3,7) (6,15) (5,13) (4,12) (9,11)
